0 239.70417981144416
 
1 258.1673885226432
 
2 257.4938698938891
 
3 276.09920947795433
 
4 296.1684397131159
 
5 298.4466430246802
 
6 313.8812638819311
 
7 331.5686546573547
 
8 346.21064691121506
 
9 329.268743111409
 
10 337.9520389272267
 
11 353.2153913026859
 
12 386.5502515980312
 
13 403.62660159101273
 
14 404.9360684971344
 
15 404.9360684971344
 
16 415.0677698450829
 
17 415.0677698450829
 
18 415.0677698450829
 
19 423.75106566090074
 
20 428.55694352060317
 
21 425.61929711314957
 
22 434.3025929289673
 
23 434.3025929289673
 
24 456.80083558811333
 
25 484.73770033505
 
26 502.1042919666854
 
27 512.235993314634
 
28 512.235993314634
 
29 512.235993314634
 
30 512.235993314634
 
31 512.235993314634
 
32 512.235993314634
 
33 512.235993314634
 
34 512.235993314634
 
35 512.235993314634
 
36 512.235993314634
 
37 512.235993314634
 
38 512.235993314634
 
39 512.235993314634
 
40 512.235993314634
 
41 512.235993314634
 
42 512.235993314634
 
43 512.235993314634
 
44 512.235993314634
 
45 512.235993314634
 
46 512.235993314634
 
47 512.235993314634
 
48 512.235993314634
 
49 512.235993314634
 
50 512.235993314634
 
51 512.235993314634
 
52 512.235993314634
 
53 512.235993314634
 
54 512.235993314634
 
55 512.235993314634
 
56 512.235993314634
 
57 512.235993314634
 
58 512.235993314634
 
59 512.235993314634
 
60 512.235993314634
 
61 512.235993314634
 
62 512.235993314634
 
63 512.235993314634
 
64 512.235993314634
 
65 512.235993314634
 
66 512.235993314634
 
67 512.235993314634
 
68 512.235993314634
 
69 512.235993314634
 
70 512.235993314634
 
71 512.235993314634
 
72 512.235993314634
 
73 512.235993314634
 
74 512.235993314634
 
75 512.235993314634
 
76 512.235993314634
 
77 512.235993314634
 
78 512.235993314634
 
79 512.235993314634
 
80 512.235993314634
 
81 512.235993314634
 
82 512.235993314634
 
83 512.235993314634
 
84 512.235993314634
 
85 512.235993314634
 
86 512.235993314634
 
87 512.235993314634
 
88 512.235993314634
 
89 512.235993314634
 
90 512.235993314634
 
91 512.235993314634
 
92 512.235993314634
 
93 512.235993314634
 
94 512.235993314634
 
95 512.235993314634
 
96 512.235993314634
 
97 512.235993314634
 
98 512.235993314634
 
99 512.235993314634
 
100 512.235993314634
 
101 512.235993314634
 
102 512.235993314634
 
103 512.235993314634
 
104 512.235993314634
 
105 512.235993314634
 
106 512.235993314634
 
107 512.235993314634
 
108 512.235993314634
 
109 512.235993314634
 
110 512.235993314634
 
111 507.10434228712353
 
112 507.10434228712353
 
113 507.10434228712353
 
114 507.10434228712353
 
115 507.10434228712353
 
116 507.10434228712353
 
117 507.10434228712353
 
118 507.10434228712353
 
119 507.10434228712353
 
120 507.10434228712353
 
121 507.10434228712353
 
122 507.10434228712353
 
123 507.10434228712353
 
124 507.10434228712353
 
125 507.10434228712353
 
126 507.10434228712353
 
127 507.10434228712353
 
128 507.10434228712353
 
129 507.10434228712353
 
130 507.10434228712353
 
131 507.10434228712353
 
132 507.10434228712353
 
133 507.10434228712353
 
134 512.235993314634
 
135 512.235993314634
 
136 512.235993314634
 
137 512.235993314634
 
138 512.235993314634
 
139 512.235993314634
 
140 512.235993314634
 
141 512.235993314634
 
142 512.235993314634
 
143 512.235993314634
 
144 512.235993314634
 
145 512.235993314634
 
146 512.235993314634
 
147 512.235993314634
 
148 512.235993314634
 
149 512.235993314634
 
150 512.235993314634
 
151 512.235993314634
 
152 512.235993314634
 
153 512.235993314634
 
154 512.235993314634
 
155 512.235993314634
 
156 512.235993314634
 
157 512.235993314634
 
158 512.235993314634
 
159 512.235993314634
 
160 512.235993314634
 
161 512.235993314634
 
162 512.235993314634
 
163 512.235993314634
 
164 512.235993314634
 
165 512.235993314634
 
166 512.235993314634
 
167 512.235993314634
 
168 512.235993314634
 
169 512.235993314634
 
170 512.235993314634
 
171 512.235993314634
 
172 512.235993314634
 
173 512.235993314634
 
174 512.235993314634
 
175 512.235993314634
 
176 512.235993314634
 
177 512.235993314634
 
178 512.235993314634
 
179 512.235993314634
 
180 512.235993314634
 
181 512.235993314634
 
182 512.235993314634
 
183 512.235993314634
 
184 512.235993314634
 
185 512.235993314634
 
186 512.235993314634
 
187 512.235993314634
 
188 512.235993314634
 
189 512.235993314634
 
190 512.235993314634
 
191 512.235993314634
 
192 512.235993314634
 
193 512.235993314634
 
194 512.235993314634
 
195 512.235993314634
 
196 512.235993314634
 
197 512.235993314634
 
198 512.235993314634
 
199 512.235993314634
 
200 512.235993314634
 
201 512.235993314634
 
202 512.235993314634
 
203 512.235993314634
 
204 512.235993314634
 
205 512.235993314634
 
206 512.235993314634
 
207 512.235993314634
 
208 512.235993314634
 
209 512.235993314634
 
210 512.235993314634
 
211 512.235993314634
 
212 512.235993314634
 
213 512.235993314634
 
214 512.235993314634
 
215 512.235993314634
 
216 512.235993314634
 
217 512.235993314634
 
218 512.235993314634
 
219 512.235993314634
 
220 512.235993314634
 
221 512.235993314634
 
222 512.235993314634
 
223 512.235993314634
 
224 512.235993314634
 
225 512.235993314634
 
226 512.235993314634
 
227 512.235993314634
 
228 512.235993314634
 
229 512.235993314634
 
230 507.10434228712353
 
231 507.10434228712353
 
232 507.10434228712353
 
233 507.10434228712353
 
234 507.10434228712353
 
235 507.10434228712353
 
236 507.10434228712353
 
237 507.10434228712353
 
238 507.10434228712353
 
239 507.10434228712353
 
240 507.10434228712353
 
241 507.10434228712353
 
242 507.10434228712353
 
243 507.10434228712353
 
244 507.10434228712353
 
245 507.10434228712353
 
246 507.10434228712353
 
247 507.10434228712353
 
248 507.10434228712353
 
249 507.10434228712353
 
250 507.10434228712353
 
251 507.10434228712353
 
252 507.10434228712353
 
253 507.10434228712353
 
254 507.10434228712353
 
255 507.10434228712353
 
256 512.235993314634
 
257 512.235993314634
 
258 512.235993314634
 
259 512.235993314634
 
260 512.235993314634
 
261 512.235993314634
 
262 512.235993314634
 
263 512.235993314634
 
264 512.235993314634
 
265 512.235993314634
 
266 512.235993314634
 
267 512.235993314634
 
268 512.235993314634
 
269 512.235993314634
 
270 512.235993314634
 
271 512.235993314634
 
272 512.235993314634
 
273 512.235993314634
 
274 512.235993314634
 
275 512.235993314634
 
276 512.235993314634
 
277 512.235993314634
 
278 512.235993314634
 
279 512.235993314634
 
280 512.235993314634
 
281 512.235993314634
 
282 512.235993314634
 
283 512.235993314634
 
284 512.235993314634
 
285 512.235993314634
 
286 512.235993314634
 
287 512.235993314634
 
288 512.235993314634
 
289 512.235993314634
 
290 512.235993314634
 
291 512.235993314634
 
292 512.235993314634
 
293 512.235993314634
 
294 512.235993314634
 
295 512.235993314634
 
296 512.235993314634
 
297 512.235993314634
 
298 512.235993314634
 
299 512.235993314634
 
300 512.235993314634
 
301 512.235993314634
 
302 512.235993314634
 
303 512.235993314634
 
304 512.235993314634
 
305 512.235993314634
 
306 512.235993314634
 
307 512.235993314634
 
308 512.235993314634
 
309 512.235993314634
 
310 512.235993314634
 
311 502.1042919666854
 
312 512.235993314634
 
313 512.235993314634
 
314 512.235993314634
 
315 512.235993314634
 
316 512.235993314634
 
317 512.235993314634
 
318 512.235993314634
 
319 512.235993314634
 
320 512.235993314634
 
321 512.235993314634
 
322 512.235993314634
 
323 512.235993314634
 
324 512.235993314634
 
325 512.235993314634
 
326 512.235993314634
 
327 512.235993314634
 
328 512.235993314634
 
329 512.235993314634
 
330 512.235993314634
 
331 512.235993314634
 
332 512.235993314634
 
333 512.235993314634
 
334 512.235993314634
 
335 512.235993314634
 
336 512.235993314634
 
337 512.235993314634
 
338 512.235993314634
 
339 512.235993314634
 
340 512.235993314634
 
341 512.235993314634
 
342 512.235993314634
 
343 512.235993314634
 
344 512.235993314634
 
345 512.235993314634
 
346 512.235993314634
 
347 507.7824609697394
 
348 507.7824609697394
 
349 507.7824609697394
 
350 507.7824609697394
 
351 507.7824609697394
 
352 507.7824609697394
 
353 507.7824609697394
 
354 507.7824609697394
 
355 507.7824609697394
 
356 512.235993314634
 
357 512.235993314634
 
358 512.235993314634
 
359 512.235993314634
 
360 512.235993314634
 
361 512.235993314634
 
362 512.235993314634
 
363 512.235993314634
 
364 512.235993314634
 
365 512.235993314634
 
366 512.235993314634
 
367 512.235993314634
 
368 512.235993314634
 
369 512.235993314634
 
370 512.235993314634
 
371 512.235993314634
 
372 512.235993314634
 
373 512.235993314634
 
374 512.235993314634
 
375 512.235993314634
 
376 512.235993314634
 
377 512.235993314634
 
378 512.235993314634
 
379 512.235993314634
 
380 512.235993314634
 
381 512.235993314634
 
382 512.235993314634
 
383 512.235993314634
 
384 512.235993314634
 
385 512.235993314634
 
386 512.235993314634
 
387 512.235993314634
 
388 512.235993314634
 
389 512.235993314634
 
390 512.235993314634
 
391 512.235993314634
 
392 512.235993314634
 
393 512.235993314634
 
394 512.235993314634
 
395 512.235993314634
 
396 512.235993314634
 
397 512.235993314634
 
398 512.235993314634
 
399 512.235993314634
 
400 512.235993314634
 
401 512.235993314634
 
402 503.5526974988163
 
403 512.235993314634
 
404 512.235993314634
 
405 512.235993314634
 
406 512.235993314634
 
407 512.235993314634
 
408 512.235993314634
 
409 512.235993314634
 
410 512.235993314634
 
411 512.235993314634
 
412 512.235993314634
 
413 512.235993314634
 
414 512.235993314634
 
415 512.235993314634
 
416 512.235993314634
 
417 512.235993314634
 
418 512.235993314634
 
419 512.235993314634
 
420 512.235993314634
 
421 512.235993314634
 
422 512.235993314634
 
423 512.235993314634
 
424 512.235993314634
 
425 512.235993314634
 
426 512.235993314634
 
427 512.235993314634
 
428 512.235993314634
 
429 512.235993314634
 
430 512.235993314634
 
431 512.235993314634
 
432 512.235993314634
 
433 512.235993314634
 
434 512.235993314634
 
435 512.235993314634
 
436 512.235993314634
 
437 512.235993314634
 
438 512.235993314634
 
439 512.235993314634
 
440 512.235993314634
 
441 512.235993314634
 
442 512.235993314634
 
443 512.235993314634
 
444 512.235993314634
 
445 512.235993314634
 
446 512.235993314634
 
447 512.235993314634
 
448 512.235993314634
 
449 512.235993314634
 
0 217.25031727467623
 
1 229.16655685726644
 
2 233.01309757463645
 
3 255.51134023378236
 
4 270.3273387227611
 
5 278.1661607676066
 
6 295.290260810314
 
7 316.11012555721646
 
8 326.9265402212434
 
9 345.5339479369275
 
10 354.3852761870162
 
11 359.322754753791
 
12 359.322754753791
 
13 369.26028364100404
 
14 369.26028364100404
 
15 379.3919849889527
 
16 394.65533736441176
 
17 404.78703871236036
 
18 414.3987944317653
 
19 414.3987944317653
 
20 420.0315889802917
 
21 434.8488228656517
 
22 434.654650404916
 
23 441.1533893636596
 
24 459.9683865274259
 
25 480.23178922332306
 
26 484.2220057789829
 
27 489.35365680649346
 
28 489.35365680649346
 
29 489.35365680649346
 
30 489.35365680649346
 
31 489.35365680649346
 
32 489.35365680649346
 
33 489.35365680649346
 
34 489.35365680649346
 
35 489.35365680649346
 
36 489.35365680649346
 
37 489.35365680649346
 
38 489.35365680649346
 
39 489.35365680649346
 
40 489.35365680649346
 
41 489.35365680649346
 
42 489.35365680649346
 
43 489.35365680649346
 
44 489.35365680649346
 
45 489.35365680649346
 
46 489.35365680649346
 
47 489.35365680649346
 
48 489.35365680649346
 
49 489.35365680649346
 
50 489.35365680649346
 
51 489.35365680649346
 
52 498.03695262231116
 
53 498.03695262231116
 
54 498.03695262231116
 
55 498.03695262231116
 
56 498.03695262231116
 
57 498.03695262231116
 
58 498.03695262231116
 
59 498.03695262231116
 
60 498.03695262231116
 
61 498.03695262231116
 
62 498.03695262231116
 
63 498.03695262231116
 
64 498.03695262231116
 
65 498.03695262231116
 
66 498.03695262231116
 
67 498.03695262231116
 
68 498.03695262231116
 
69 498.03695262231116
 
70 498.03695262231116
 
71 498.03695262231116
 
72 498.03695262231116
 
73 498.03695262231116
 
74 498.03695262231116
 
75 498.03695262231116
 
76 498.03695262231116
 
77 498.03695262231116
 
78 498.03695262231116
 
79 498.03695262231116
 
80 498.03695262231116
 
81 498.03695262231116
 
82 498.03695262231116
 
83 498.03695262231116
 
84 498.03695262231116
 
85 498.03695262231116
 
86 498.03695262231116
 
87 498.03695262231116
 
88 498.03695262231116
 
89 498.03695262231116
 
90 498.03695262231116
 
91 498.03695262231116
 
92 498.03695262231116
 
93 498.03695262231116
 
94 498.03695262231116
 
95 498.03695262231116
 
96 498.03695262231116
 
97 498.03695262231116
 
98 498.03695262231116
 
99 498.03695262231116
 
100 498.03695262231116
 
101 498.03695262231116
 
102 498.03695262231116
 
103 498.03695262231116
 
104 498.03695262231116
 
105 498.03695262231116
 
106 498.03695262231116
 
107 498.03695262231116
 
108 498.03695262231116
 
109 498.03695262231116
 
110 498.03695262231116
 
111 498.03695262231116
 
112 498.03695262231116
 
113 498.03695262231116
 
114 498.03695262231116
 
115 498.03695262231116
 
116 498.03695262231116
 
117 498.03695262231116
 
118 498.03695262231116
 
119 498.03695262231116
 
120 498.03695262231116
 
121 498.03695262231116
 
122 498.03695262231116
 
123 498.03695262231116
 
124 498.03695262231116
 
125 498.03695262231116
 
126 498.03695262231116
 
127 498.03695262231116
 
128 498.03695262231116
 
129 498.03695262231116
 
130 498.03695262231116
 
131 498.03695262231116
 
132 498.03695262231116
 
133 498.03695262231116
 
134 498.03695262231116
 
135 498.03695262231116
 
136 489.35365680649346
 
137 489.35365680649346
 
138 489.35365680649346
 
139 489.35365680649346
 
140 489.35365680649346
 
141 489.35365680649346
 
142 489.35365680649346
 
143 489.35365680649346
 
144 489.35365680649346
 
145 489.35365680649346
 
146 489.35365680649346
 
147 489.35365680649346
 
148 489.35365680649346
 
149 489.35365680649346
 
150 489.35365680649346
 
151 489.35365680649346
 
152 489.35365680649346
 
153 489.35365680649346
 
154 489.35365680649346
 
155 489.35365680649346
 
156 489.35365680649346
 
157 490.3009188176085
 
158 490.3009188176085
 
159 490.3009188176085
 
160 490.3009188176085
 
161 498.9842146334262
 
162 498.9842146334262
 
163 498.9842146334262
 
164 498.9842146334262
 
165 498.9842146334262
 
166 498.9842146334262
 
167 498.9842146334262
 
168 498.9842146334262
 
169 498.9842146334262
 
170 498.4830711124103
 
171 498.9842146334262
 
172 498.9842146334262
 
173 498.9842146334262
 
174 498.9842146334262
 
175 498.9842146334262
 
176 498.9842146334262
 
177 498.9842146334262
 
178 498.9842146334262
 
179 498.9842146334262
 
180 498.9842146334262
 
181 498.9842146334262
 
182 498.9842146334262
 
183 498.9842146334262
 
184 498.03695262231116
 
185 498.03695262231116
 
186 498.03695262231116
 
187 498.03695262231116
 
188 487.9052512743625
 
189 498.03695262231116
 
190 498.03695262231116
 
191 498.03695262231116
 
192 498.03695262231116
 
193 498.03695262231116
 
194 498.03695262231116
 
195 498.03695262231116
 
196 498.03695262231116
 
197 498.03695262231116
 
198 498.03695262231116
 
199 498.03695262231116
 
200 498.03695262231116
 
201 498.03695262231116
 
202 498.03695262231116
 
203 498.03695262231116
 
204 498.03695262231116
 
205 498.03695262231116
 
206 498.03695262231116
 
207 498.03695262231116
 
208 498.03695262231116
 
209 498.03695262231116
 
210 498.03695262231116
 
211 498.03695262231116
 
212 498.03695262231116
 
213 498.03695262231116
 
214 498.03695262231116
 
215 498.03695262231116
 
216 498.03695262231116
 
217 498.03695262231116
 
218 498.03695262231116
 
219 498.03695262231116
 
220 498.03695262231116
 
221 498.03695262231116
 
222 498.03695262231116
 
223 498.03695262231116
 
224 498.03695262231116
 
225 498.03695262231116
 
226 498.03695262231116
 
227 498.03695262231116
 
228 498.03695262231116
 
229 498.03695262231116
 
230 498.03695262231116
 
231 498.03695262231116
 
232 498.03695262231116
 
233 498.03695262231116
 
234 498.03695262231116
 
235 498.03695262231116
 
236 498.03695262231116
 
237 498.03695262231116
 
238 498.03695262231116
 
239 498.03695262231116
 
240 498.03695262231116
 
241 498.03695262231116
 
242 498.03695262231116
 
243 492.9053015948006
 
244 492.9053015948006
 
245 492.9053015948006
 
246 492.9053015948006
 
247 492.9053015948006
 
248 492.9053015948006
 
249 492.9053015948006
 
250 492.9053015948006
 
251 492.9053015948006
 
252 492.9053015948006
 
253 492.9053015948006
 
254 492.9053015948006
 
255 487.7736505672901
 
256 487.7736505672901
 
257 487.7736505672901
 
258 487.7736505672901
 
259 487.7736505672901
 
260 487.7736505672901
 
261 487.7736505672901
 
262 487.7736505672901
 
263 487.7736505672901
 
264 487.7736505672901
 
265 487.7736505672901
 
266 487.7736505672901
 
267 487.7736505672901
 
268 487.7736505672901
 
269 487.7736505672901
 
270 487.7736505672901
 
271 487.7736505672901
 
272 487.7736505672901
 
273 487.7736505672901
 
274 487.7736505672901
 
275 487.7736505672901
 
276 487.7736505672901
 
277 487.7736505672901
 
278 487.7736505672901
 
279 487.7736505672901
 
280 487.7736505672901
 
281 487.7736505672901
 
282 487.7736505672901
 
283 487.7736505672901
 
284 487.7736505672901
 
285 487.7736505672901
 
286 487.7736505672901
 
287 487.7736505672901
 
288 487.7736505672901
 
289 487.7736505672901
 
290 487.7736505672901
 
291 487.7736505672901
 
292 487.7736505672901
 
293 487.7736505672901
 
294 487.7736505672901
 
295 487.7736505672901
 
296 487.7736505672901
 
297 487.7736505672901
 
298 487.7736505672901
 
299 487.7736505672901
 
300 487.7736505672901
 
301 487.7736505672901
 
302 487.7736505672901
 
303 487.7736505672901
 
304 479.09035475147243
 
305 487.7736505672901
 
306 487.7736505672901
 
307 487.7736505672901
 
308 487.7736505672901
 
309 487.7736505672901
 
310 487.7736505672901
 
311 487.7736505672901
 
312 487.7736505672901
 
313 487.7736505672901
 
314 487.7736505672901
 
315 487.7736505672901
 
316 487.7736505672901
 
317 487.7736505672901
 
318 487.7736505672901
 
319 487.7736505672901
 
320 487.7736505672901
 
321 487.7736505672901
 
322 487.7736505672901
 
323 487.7736505672901
 
324 487.7736505672901
 
325 487.7736505672901
 
326 487.7736505672901
 
327 487.7736505672901
 
328 487.7736505672901
 
329 487.7736505672901
 
330 487.7736505672901
 
331 487.7736505672901
 
332 487.7736505672901
 
333 487.7736505672901
 
334 487.7736505672901
 
335 487.7736505672901
 
336 487.7736505672901
 
337 487.7736505672901
 
338 487.7736505672901
 
339 487.7736505672901
 
340 487.7736505672901
 
341 487.7736505672901
 
342 487.7736505672901
 
343 487.7736505672901
 
344 487.7736505672901
 
345 487.7736505672901
 
346 487.7736505672901
 
347 487.7736505672901
 
348 487.7736505672901
 
349 487.7736505672901
 
350 487.7736505672901
 
351 487.7736505672901
 
352 487.7736505672901
 
353 487.7736505672901
 
354 487.7736505672901
 
355 487.7736505672901
 
356 487.7736505672901
 
357 487.7736505672901
 
358 487.7736505672901
 
359 487.7736505672901
 
360 487.7736505672901
 
361 487.7736505672901
 
362 487.7736505672901
 
363 487.7736505672901
 
364 487.7736505672901
 
365 487.7736505672901
 
366 487.7736505672901
 
367 487.7736505672901
 
368 487.7736505672901
 
369 487.7736505672901
 
370 487.7736505672901
 
371 487.7736505672901
 
372 487.7736505672901
 
373 487.7736505672901
 
374 487.7736505672901
 
375 487.7736505672901
 
376 487.7736505672901
 
377 487.7736505672901
 
378 487.7736505672901
 
379 487.7736505672901
 
380 487.7736505672901
 
381 487.7736505672901
 
382 487.7736505672901
 
383 487.7736505672901
 
384 487.7736505672901
 
385 487.7736505672901
 
386 487.7736505672901
 
387 487.7736505672901
 
388 487.7736505672901
 
389 487.7736505672901
 
390 487.7736505672901
 
391 487.7736505672901
 
392 487.7736505672901
 
393 487.7736505672901
 
394 487.7736505672901
 
395 487.7736505672901
 
396 487.7736505672901
 
397 487.7736505672901
 
398 487.7736505672901
 
399 487.7736505672901
 
400 487.7736505672901
 
401 487.7736505672901
 
402 487.7736505672901
 
403 487.7736505672901
 
404 487.7736505672901
 
405 487.7736505672901
 
406 487.7736505672901
 
407 487.7736505672901
 
408 487.7736505672901
 
409 487.7736505672901
 
410 487.7736505672901
 
411 487.7736505672901
 
412 487.7736505672901
 
413 487.7736505672901
 
414 487.7736505672901
 
415 487.7736505672901
 
416 487.7736505672901
 
417 487.7736505672901
 
418 487.7736505672901
 
419 487.7736505672901
 
420 487.7736505672901
 
421 487.7736505672901
 
422 487.7736505672901
 
423 487.7736505672901
 
424 487.7736505672901
 
425 487.7736505672901
 
426 487.7736505672901
 
427 487.7736505672901
 
428 487.7736505672901
 
429 487.7736505672901
 
430 487.7736505672901
 
431 487.7736505672901
 
432 487.7736505672901
 
433 487.7736505672901
 
434 487.7736505672901
 
435 487.7736505672901
 
436 487.7736505672901
 
437 487.7736505672901
 
438 487.7736505672901
 
439 487.7736505672901
 
440 487.7736505672901
 
441 487.7736505672901
 
442 487.7736505672901
 
443 487.7736505672901
 
444 487.7736505672901
 
445 487.7736505672901
 
446 487.7736505672901
 
447 487.7736505672901
 
448 487.7736505672901
 
449 487.7736505672901
 
